Season,Age,Tm,Lg,Pos,G,MP,PER,TS%,3PAr,FTr,ORB%,DRB%,TRB%,AST%,STL%,BLK%,TOV%,USG%,,OWS,DWS,WS,WS/48,,OBPM,DBPM,BPM,VORP
2005-06,20,NOK,NBA,PG,78,2808,22.1,.546,.187,.491,2.5,14.8,8.5,38.2,3.4,0.2,13.7,22.2,,6.8,3.6,10.4,.178,,3.0,2.2,5.2,5.1
2006-07,21,NOK,NBA,PG,64,2353,22.0,.537,.164,.410,2.6,11.3,6.9,41.3,2.7,0.1,13.5,23.1,,6.2,2.6,8.8,.179,,3.6,1.4,5.0,4.2
2007-08,22,NOH,NBA,PG,80,3006,28.3,.576,.193,.302,2.4,10.3,6.2,52.2,3.9,0.1,12.1,25.7,,13.2,4.6,17.8,.284,,7.2,3.2,10.4,9.3
2008-09,23,NOH,NBA,PG,78,3002,30.0,.599,.140,.418,2.8,14.6,8.7,54.5,3.9,0.3,13.5,27.5,,13.3,5.0,18.3,.292,,7.2,3.8,11.0,9.9
2009-10,24,NOH,NBA,PG,45,1712,23.7,.584,.199,.298,1.3,11.9,6.5,45.4,2.9,0.4,13.5,22.2,,5.7,1.5,7.3,.204,,4.6,1.6,6.2,3.5
2010-11,25,NOH,NBA,PG,80,2880,23.7,.578,.197,.414,1.6,12.3,6.9,45.8,3.5,0.1,13.9,21.1,,9.5,4.4,13.9,.232,,4.4,2.8,7.1,6.7
2011-12,26,LAC,NBA,PG,60,2181,27.0,.581,.239,.339,2.3,9.4,5.8,43.8,3.8,0.2,10.8,24.3,,10.4,2.3,12.7,.278,,6.7,2.4,9.2,6.1
2012-13,27,LAC,NBA,PG,70,2335,26.4,.594,.271,.377,2.8,10.5,6.7,46.5,3.8,0.4,13.7,22.6,,10.6,3.4,13.9,.287,,6.4,2.4,8.8,6.4
2013-14,28,LAC,NBA,PG,62,2171,25.9,.580,.244,.397,2.0,11.4,6.9,48.9,3.5,0.1,12.4,23.7,,9.0,3.2,12.2,.270,,6.0,2.6,8.6,5.8
2014-15,29,LAC,NBA,PG,82,2857,26.0,.596,.298,.274,2.1,12.5,7.4,47.4,2.8,0.4,12.7,23.7,,12.9,3.2,16.1,.270,,6.4,1.6,8.0,7.2
2015-16,30,LAC,NBA,PG,74,2420,26.2,.575,.295,.294,1.8,12.0,7.0,52.7,3.1,0.4,13.4,27.1,,9.2,3.5,12.7,.253,,5.9,2.0,7.9,6.0
2016-17,31,LAC,NBA,PG,61,1921,26.2,.614,.385,.331,2.4,15.0,8.8,46.8,3.1,0.3,14.0,24.4,,7.9,2.6,10.6,.264,,6.3,2.5,8.7,5.2
2017-18,32,HOU,NBA,PG,58,1847,24.4,.604,.475,.277,2.3,16.7,9.5,40.9,2.6,0.6,12.5,24.5,,7.5,2.7,10.2,.265,,5.2,1.8,7.1,4.2
2018-19,33,HOU,NBA,PG,58,1857,19.7,.560,.493,.282,2.1,13.9,7.9,39.3,3.0,0.8,15.8,22.5,,4.4,2.2,6.6,.172,,2.7,1.1,3.9,2.8
2019-20,34,OKC,NBA,PG,70,2208,21.7,.610,.343,.315,1.3,15.7,8.7,34.0,2.4,0.4,13.8,23.3,,5.9,3.0,8.9,.193,,3.0,1.4,4.4,3.5
2020-21,35,PHO,NBA,PG,70,2199,21.4,.599,.294,.206,1.3,14.5,8.0,40.9,2.2,0.8,14.0,22.6,,6.5,2.7,9.2,.201,,3.5,1.1,4.6,3.6
2021-22,36,PHO,NBA,PG,65,2139,20.8,.581,.270,.274,1.1,12.8,7.1,44.5,2.7,0.8,15.6,19.7,,5.8,3.6,9.4,.210,,3.1,2.3,5.4,4.0
2022-23,37,PHO,NBA,PG,59,1889,17.7,.555,.391,.240,1.6,13.4,7.4,38.7,2.4,1.0,13.4,19.2,,3.7,2.5,6.2,.156,,2.0,1.2,3.2,2.5