Season,Age,Tm,Lg,Pos,G,MP,PER,TS%,3PAr,FTr,ORB%,DRB%,TRB%,AST%,STL%,BLK%,TOV%,USG%,,OWS,DWS,WS,WS/48,,OBPM,DBPM,BPM,VORP
2012-13,22,POR,NBA,PG,82,3167,16.4,.546,.391,.249,1.5,8.0,4.7,28.8,1.2,0.5,14.5,24.2,,5.1,0.7,5.8,.088,,2.1,-1.9,0.3,1.8
2013-14,23,POR,NBA,PG,82,2937,18.6,.568,.425,.327,1.3,9.2,5.3,25.1,1.1,0.5,11.5,25.0,,7.8,1.8,9.6,.157,,3.8,-0.6,3.2,3.9
2014-15,24,POR,NBA,PG,82,2925,20.7,.560,.421,.293,1.8,11.8,6.9,29.0,1.7,0.5,12.6,26.9,,7.3,3.3,10.6,.174,,4.3,0.3,4.7,4.9
2015-16,25,POR,NBA,PG,75,2676,22.2,.560,.414,.315,1.8,10.4,6.1,33.6,1.2,0.8,12.6,31.3,,7.7,1.4,9.2,.165,,5.7,-1.3,4.4,4.3
2016-17,26,POR,NBA,PG,75,2694,24.1,.586,.389,.366,1.9,13.3,7.6,28.7,1.3,0.6,10.2,31.5,,8.8,1.5,10.4,.185,,6.1,-1.1,5.0,4.8
2017-18,27,POR,NBA,PG,73,2670,25.2,.594,.445,.380,2.6,10.6,6.6,30.9,1.4,0.8,11.1,30.6,,9.9,2.7,12.6,.227,,7.0,0.3,7.2,6.3
2018-19,28,POR,NBA,PG,80,2838,23.7,.588,.419,.335,2.6,11.1,7.0,30.6,1.5,1.0,10.8,29.3,,9.7,2.4,12.1,.205,,6.6,-0.3,6.4,6.0
2019-20,29,POR,NBA,PG,66,2474,26.9,.627,.500,.384,1.4,10.5,6.0,34.4,1.3,0.8,11.0,30.3,,10.9,0.7,11.6,.225,,8.3,-0.9,7.5,5.9
2020-21,30,POR,NBA,PG,67,2398,25.6,.623,.528,.363,1.4,11.5,6.3,34.6,1.3,0.6,11.6,31.4,,9.6,0.8,10.4,.209,,7.5,-1.3,6.3,5.0
2021-22,31,POR,NBA,PG,29,1056,18.5,.550,.514,.328,1.3,11.6,6.2,34.0,0.8,1.0,11.6,29.3,,1.7,0.1,1.7,.079,,4.0,-2.7,1.3,0.9
2022-23,32,POR,NBA,PG,58,2107,26.7,.645,.547,.464,2.4,12.8,7.6,35.0,1.2,0.8,11.7,33.8,,8.2,0.8,9.0,.205,,8.3,-1.2,7.1,4.9