Season,Age,Tm,Lg,Pos,G,MP,PER,TS%,3PAr,FTr,ORB%,DRB%,TRB%,AST%,STL%,BLK%,TOV%,USG%,,OWS,DWS,WS,WS/48,,OBPM,DBPM,BPM,VORP
2009-10,20,TOR,NBA,SG,77,1664,12.5,.554,.031,.379,4.8,10.9,7.9,4.9,1.3,0.8,9.4,18.1,,2.0,0.3,2.3,.066,,-1.5,-1.3,-2.8,-0.3
2010-11,21,TOR,NBA,SG,82,2851,14.5,.530,.045,.348,3.0,10.2,6.5,8.6,1.5,0.8,9.8,23.2,,2.8,0.5,3.2,.055,,-0.9,-1.5,-2.5,-0.3
2011-12,22,TOR,NBA,SG,63,2206,12.8,.503,.102,.367,2.1,9.0,5.6,10.8,1.2,0.6,10.5,25.0,,1.1,1.4,2.5,.054,,-1.4,-1.3,-2.7,-0.4
2012-13,23,TOR,NBA,SG,82,3013,14.7,.523,.097,.347,1.9,10.9,6.3,12.0,1.3,0.6,9.6,24.2,,3.1,1.6,4.7,.075,,-0.2,-1.2,-1.4,0.4
2013-14,24,TOR,NBA,SG,79,3017,18.4,.532,.149,.448,2.0,11.3,6.6,18.9,1.5,0.7,9.5,28.0,,5.8,3.0,8.8,.141,,1.9,-0.3,1.7,2.8
2014-15,25,TOR,NBA,SG,60,2100,17.4,.510,.089,.438,2.3,12.9,7.6,17.0,1.8,0.4,10.4,28.4,,2.6,1.4,4.0,.090,,0.5,-1.4,-0.9,0.6
2015-16,26,TOR,NBA,SG,78,2804,21.5,.550,.101,.474,2.7,11.5,7.1,20.8,1.5,0.6,9.5,29.8,,7.5,2.4,9.9,.169,,3.2,-0.7,2.5,3.2
2016-17,27,TOR,NBA,SG,74,2620,24.0,.552,.080,.419,3.0,13.6,8.3,20.6,1.5,0.4,9.0,34.3,,6.7,2.4,9.0,.166,,4.1,-1.0,3.0,3.3
2017-18,28,TOR,NBA,SG,80,2711,21.0,.555,.203,.396,2.5,10.4,6.5,25.0,1.5,0.6,9.5,29.6,,6.8,2.8,9.6,.170,,3.3,-0.6,2.8,3.2
2018-19,29,SAS,NBA,SG,77,2688,19.6,.542,.034,.336,2.2,16.4,9.4,27.6,1.6,1.1,11.7,27.9,,3.6,2.6,6.3,.112,,1.0,0.1,1.1,2.2
2019-20,30,SAS,NBA,SF,68,2316,21.6,.603,.033,.430,2.0,15.4,8.7,26.1,1.4,0.8,11.6,26.3,,5.9,1.3,7.3,.151,,2.3,-0.4,1.9,2.3
2020-21,31,SAS,NBA,PF,61,2056,22.0,.591,.080,.478,2.0,11.6,6.7,32.0,1.3,0.6,9.7,26.1,,5.9,1.5,7.4,.172,,3.2,-0.1,3.1,2.6
2021-22,32,CHI,NBA,PF,76,2743,23.1,.590,.093,.386,2.3,13.7,8.0,23.3,1.2,0.8,9.2,31.8,,7.0,1.8,8.8,.154,,3.4,-0.9,2.5,3.1
2022-23,33,CHI,NBA,SF,74,2682,20.6,.592,.109,.401,1.5,12.8,7.2,22.3,1.5,1.3,9.1,27.8,,5.4,3.2,8.5,.153,,1.7,0.3,2.0,2.6
Career,,,NBA,,1031,35471,19.0,.553,.094,.404,2.4,12.2,7.3,19.4,1.5,0.7,9.8,27.4,,66.1,26.1,92.2,.125,,1.6,-0.7,0.8,25.3