Season,Age,Tm,Lg,Pos,G,MP,PER,TS%,3PAr,FTr,ORB%,DRB%,TRB%,AST%,STL%,BLK%,TOV%,USG%,,OWS,DWS,WS,WS/48,,OBPM,DBPM,BPM,VORP
2009-10,20,OKC,NBA,SG,76,1738,14.0,.551,.429,.415,3.2,12.7,8.1,12.3,2.4,0.9,13.4,20.4,,2.0,2.5,4.5,.124,,-0.7,1.2,0.5,1.1
2010-11,21,OKC,NBA,SG,82,2189,16.4,.598,.474,.501,2.3,11.0,6.8,12.8,2.2,0.8,11.3,19.5,,5.0,2.1,7.1,.156,,1.3,0.6,1.9,2.2
2011-12,22,OKC,NBA,SG,62,1946,21.1,.660,.464,.587,1.9,12.2,7.4,19.3,1.6,0.6,14.8,21.6,,7.5,1.8,9.3,.230,,4.1,0.2,4.3,3.1
2012-13,23,HOU,NBA,SG,78,2985,22.9,.600,.364,.592,2.4,11.9,7.2,25.7,2.4,1.0,14.9,29.0,,9.8,3.0,12.8,.206,,5.2,0.5,5.6,5.8
2013-14,24,HOU,NBA,SG,73,2777,23.5,.618,.401,.552,2.6,10.7,6.9,27.3,2.1,0.8,15.0,27.8,,10.1,2.7,12.8,.221,,5.4,0.2,5.6,5.3
2014-15,25,HOU,NBA,SG,81,2981,26.7,.605,.378,.561,2.8,14.2,8.5,34.6,2.6,1.6,14.9,31.3,,12.2,4.2,16.4,.265,,7.0,1.8,8.8,8.1
2015-16,26,HOU,NBA,SG,82,3125,25.3,.598,.406,.518,2.2,15.6,8.8,35.4,2.2,1.4,15.9,32.5,,10.7,2.6,13.3,.204,,6.4,0.2,6.6,6.8
2016-17,27,HOU,NBA,PG,81,2947,27.4,.613,.493,.575,3.5,20.9,12.2,50.7,2.0,1.0,19.5,34.2,,11.5,3.6,15.0,.245,,7.5,1.2,8.7,8.0
2017-18,28,HOU,NBA,SG,72,2551,29.8,.619,.498,.502,1.8,15.2,8.6,45.1,2.4,1.7,15.1,36.1,,11.6,3.8,15.4,.289,,8.5,1.4,9.9,7.7
2018-19,29,HOU,NBA,PG,78,2867,30.6,.616,.539,.449,2.5,17.8,10.0,39.5,2.7,1.7,14.5,40.5,,11.4,3.8,15.2,.254,,9.4,1.6,11.0,9.3
2019-20,30,HOU,NBA,SG,68,2483,29.1,.626,.557,.528,2.9,16.0,9.4,35.9,2.3,2.1,14.2,36.3,,9.9,3.2,13.1,.254,,8.1,1.6,9.6,7.3
2020-21,31,TOT,NBA,PG,44,1609,24.5,.618,.455,.440,2.5,20.6,11.9,44.4,1.6,1.8,16.8,28.4,,5.3,1.7,7.0,.208,,6.2,1.0,7.2,3.7
2020-21,31,HOU,NBA,PG,8,290,22.4,.613,.533,.444,1.8,13.8,7.5,46.9,1.1,1.8,17.4,28.7,,0.8,0.2,1.0,.159,,5.5,-0.5,5.0,0.5
2020-21,31,BRK,NBA,PG,36,1319,25.0,.619,.437,.439,2.6,22.1,12.9,43.8,1.7,1.8,16.7,28.4,,4.5,1.5,6.0,.219,,6.4,1.3,7.7,3.2
2021-22,32,TOT,NBA,PG,65,2420,20.9,.583,.452,.540,2.6,19.7,11.3,40.3,1.7,1.3,18.8,27.2,,4.9,2.7,7.6,.152,,3.7,0.3,4.0,3.7
2021-22,32,BRK,NBA,PG,44,1627,20.4,.576,.435,.496,2.9,20.2,11.7,39.7,1.7,1.7,19.8,28.3,,2.6,1.8,4.4,.130,,3.7,0.4,4.1,2.5
2021-22,32,PHI,NBA,PG,21,792,21.8,.601,.493,.650,1.9,18.9,10.5,41.4,1.6,0.6,16.4,24.9,,2.3,0.9,3.3,.197,,3.8,0.1,3.8,1.2
2022-23,33,PHI,NBA,PG,58,2135,21.6,.607,.496,.429,2.3,17.1,9.8,43.3,1.6,1.4,16.3,25.0,,5.8,2.6,8.4,.188,,5.1,0.3,5.4,4.0