Season,Age,Tm,Lg,Pos,G,MP,PER,TS%,3PAr,FTr,ORB%,DRB%,TRB%,AST%,STL%,BLK%,TOV%,USG%,,OWS,DWS,WS,WS/48,,OBPM,DBPM,BPM,VORP
2011-12,22,CHI,NBA,SG,42,359,12.5,.526,.139,.709,7.3,10.1,8.7,5.7,1.6,1.0,11.9,14.9,,0.5,0.6,1.1,.144,,-1.8,0.5,-1.3,0.1
2012-13,23,CHI,NBA,SF,82,2134,15.2,.574,.205,.455,7.2,10.4,8.8,8.6,2.0,1.1,9.2,14.6,,4.4,2.6,7.0,.158,,1.0,1.0,2.0,2.1
2013-14,24,CHI,NBA,SG,67,2591,13.5,.522,.346,.488,3.9,10.5,7.2,11.1,2.6,1.1,10.8,16.8,,2.4,4.6,7.1,.131,,-0.9,2.0,1.1,2.0
2014-15,25,CHI,NBA,SG,65,2513,21.3,.583,.212,.508,5.1,11.2,8.2,14.4,2.3,1.0,7.7,21.6,,8.2,3.0,11.2,.214,,3.4,1.2,4.6,4.2
2015-16,26,CHI,NBA,SG,67,2474,21.3,.562,.198,.459,3.4,11.6,7.6,21.4,2.2,1.3,9.6,24.4,,6.5,2.7,9.1,.177,,3.2,1.2,4.4,3.9
2016-17,27,CHI,NBA,SF,76,2809,25.1,.586,.198,.540,4.9,13.2,9.0,24.8,2.6,0.9,9.3,26.5,,10.1,3.8,13.8,.236,,5.6,1.7,7.3,6.6
2017-18,28,MIN,NBA,SG,59,2164,23.7,.590,.217,.461,4.2,12.7,8.4,20.6,2.7,1.0,8.9,24.9,,7.1,1.8,8.9,.198,,5.0,0.7,5.8,4.2
2018-19,29,TOT,NBA,SFSG,65,2185,20.2,.571,.213,.404,6.0,10.5,8.3,18.0,2.7,1.4,8.2,22.3,,5.4,2.5,7.9,.173,,2.8,0.9,3.7,3.2
2018-19,29,MIN,NBA,SG,10,361,22.3,.579,.287,.389,4.7,10.8,7.7,18.2,3.2,2.4,7.1,23.0,,1.0,0.4,1.3,.176,,4.7,2.2,6.9,0.8
2018-19,29,PHI,NBA,SF,55,1824,19.8,.569,.198,.407,6.3,10.4,8.4,18.0,2.6,1.2,8.4,22.1,,4.4,2.1,6.6,.172,,2.4,0.7,3.1,2.4
2019-20,30,MIA,NBA,SF,58,1959,23.6,.585,.157,.693,6.3,15.4,11.0,28.1,2.6,1.6,11.4,25.1,,6.3,2.7,9.0,.221,,4.0,1.5,5.4,3.7
2020-21,31,MIA,NBA,SF,52,1745,26.5,.607,.139,.565,6.3,17.1,11.8,35.1,3.1,1.1,10.6,26.6,,6.6,2.7,9.3,.255,,5.4,2.3,7.7,4.3
2021-22,32,MIA,NBA,SF,57,1931,23.6,.592,.140,.549,6.1,13.5,9.9,26.4,2.4,1.5,10.5,26.5,,6.2,2.9,9.2,.228,,4.5,1.9,6.3,4.0
2022-23,33,MIA,NBA,PF,64,2138,27.6,.647,.116,.625,7.5,13.3,10.3,27.1,2.7,1.0,8.2,25.6,,9.4,2.9,12.3,.277,,6.7,2.0,8.7,5.8