Season,Age,Tm,Lg,Pos,G,MP,PER,TS%,3PAr,FTr,ORB%,DRB%,TRB%,AST%,STL%,BLK%,TOV%,USG%,,OWS,DWS,WS,WS/48,,OBPM,DBPM,BPM,VORP
2012-13,21,DET,NBA,SG,27,475,11.4,.532,.319,.227,1.0,11.4,6.1,9.5,1.7,0.7,6.6,15.9,,0.6,0.3,0.9,.089,,-1.9,-0.1,-1.9,0.0
2013-14,22,MIL,NBA,SF,82,2460,12.5,.541,.340,.160,2.7,12.0,7.2,11.7,1.8,0.7,11.9,19.1,,1.9,0.8,2.7,.053,,-1.2,-1.1,-2.3,-0.2
2014-15,23,MIL,NBA,SF,79,2378,15.6,.563,.308,.180,2.3,14.3,8.4,12.7,2.6,0.4,10.8,19.9,,3.2,3.5,6.7,.135,,0.5,1.1,1.6,2.2
2015-16,24,MIL,NBA,SG,79,2852,16.8,.560,.316,.273,1.8,10.2,6.0,18.9,2.3,0.6,12.3,23.0,,4.3,1.8,6.1,.103,,1.2,-0.5,0.6,1.9
2016-17,25,MIL,NBA,SF,29,889,15.0,.570,.312,.276,1.5,14.5,8.1,17.5,2.3,0.7,14.8,22.5,,0.7,0.9,1.6,.085,,-0.4,0.1,-0.3,0.4
2017-18,26,MIL,NBA,SF,82,2982,17.4,.577,.320,.285,1.8,15.0,8.4,17.7,2.0,0.6,11.8,24.6,,4.6,2.3,6.9,.111,,0.8,-0.8,0.0,1.5
2018-19,27,MIL,NBA,SF,77,2393,16.5,.558,.413,.225,2.3,16.5,9.8,20.1,1.6,0.2,12.1,25.1,,2.5,3.6,6.1,.123,,0.7,0.1,0.8,1.7
2019-20,28,MIL,NBA,SF,62,1853,21.1,.619,.374,.240,2.5,17.0,10.2,22.2,1.3,0.3,11.6,26.4,,4.6,3.3,7.9,.205,,3.4,0.7,4.1,2.9
2020-21,29,MIL,NBA,SF,68,2269,18.2,.588,.340,.220,2.6,15.7,9.4,23.2,1.5,0.4,13.1,25.0,,4.1,2.2,6.4,.135,,1.7,-0.3,1.3,1.9
2021-22,30,MIL,NBA,SF,66,2141,18.1,.577,.425,.285,2.1,15.3,8.8,25.5,1.7,0.8,14.2,26.7,,3.2,2.2,5.3,.119,,1.9,-0.3,1.6,1.9
2022-23,31,MIL,NBA,SF,33,801,17.4,.551,.399,.251,3.8,14.0,9.1,30.7,1.4,0.5,13.6,27.4,,1.0,1.0,1.9,.117,,1.0,-0.3,0.8,0.6