Season,Age,Tm,Lg,Pos,G,MP,PER,TS%,3PAr,FTr,ORB%,DRB%,TRB%,AST%,STL%,BLK%,TOV%,USG%,,OWS,DWS,WS,WS/48,,OBPM,DBPM,BPM,VORP
2011-12,19,CLE,NBA,PG,51,1558,21.4,.566,.245,.262,3.1,11.2,7.0,36.5,1.8,1.0,16.1,28.7,,3.4,0.6,4.1,.125,,4.6,-0.5,4.1,2.4
2012-13,20,CLE,NBA,PG,59,2048,21.4,.553,.261,.271,1.8,10.8,6.1,32.7,2.3,0.8,13.8,30.2,,4.2,1.1,5.3,.125,,4.3,-0.7,3.7,3.0
2013-14,21,CLE,NBA,PG,71,2496,20.1,.533,.278,.273,2.3,9.5,5.8,31.6,2.2,0.8,12.1,28.2,,4.6,2.1,6.7,.128,,3.6,-0.2,3.4,3.3
2014-15,22,CLE,NBA,PG,75,2730,21.5,.583,.306,.296,2.3,7.5,5.0,25.0,2.2,0.6,11.8,26.2,,8.4,2.0,10.4,.183,,4.4,-0.4,4.1,4.2
2015-16,23,CLE,NBA,PG,53,1667,19.9,.540,.298,.217,3.0,7.6,5.3,26.6,1.7,0.9,11.4,29.5,,3.2,1.7,5.0,.143,,3.2,-0.8,2.3,1.8
2016-17,24,CLE,NBA,PG,72,2525,23.0,.580,.311,.231,2.3,7.5,5.0,29.7,1.6,0.8,10.3,30.8,,7.4,1.5,8.9,.170,,4.7,-1.3,3.4,3.4
2017-18,25,BOS,NBA,PG,60,1931,25.0,.610,.374,.240,1.9,10.8,6.4,30.7,1.7,0.7,10.4,31.0,,6.3,2.7,8.9,.222,,6.4,0.9,7.3,4.5
2018-19,26,BOS,NBA,PG,67,2214,24.3,.592,.350,.197,3.4,12.7,8.1,35.0,2.2,1.4,11.3,29.6,,6.2,2.9,9.1,.197,,6.0,1.1,7.2,5.1
2019-20,27,BRK,NBA,PG,20,658,26.2,.595,.341,.245,3.5,12.5,8.1,36.7,1.9,1.3,10.1,32.6,,2.1,0.8,2.9,.210,,6.7,0.9,7.7,1.6
2020-21,28,BRK,NBA,PG,54,1886,24.4,.614,.348,.201,3.2,11.4,7.5,28.6,1.9,1.7,9.9,30.4,,5.8,1.6,7.4,.189,,5.7,-0.2,5.5,3.6
2021-22,29,BRK,NBA,PG,29,1091,21.4,.592,.388,.209,1.6,10.8,6.3,25.2,1.8,1.4,9.8,29.4,,2.4,0.9,3.3,.147,,4.2,-1.2,3.0,1.4
2022-23,30,TOT,NBA,PGSG,60,2241,22.4,.613,.412,.227,3.0,12.3,7.7,25.4,1.4,1.7,8.8,28.9,,5.4,2.0,7.4,.159,,4.8,-0.7,4.1,3.5
2022-23,30,BRK,NBA,PG,40,1478,21.6,.604,.425,.219,3.0,12.3,7.8,24.1,1.4,1.9,9.2,29.7,,2.9,1.4,4.3,.140,,4.6,-0.8,3.8,2.2
2022-23,30,DAL,NBA,SG,20,763,24.0,.634,.385,.245,3.2,12.2,7.6,27.8,1.6,1.4,8.0,27.4,,2.5,0.6,3.1,.198,,5.3,-0.4,4.9,1.3