Season,Age,Tm,Lg,Pos,G,MP,PER,TS%,3PAr,FTr,ORB%,DRB%,TRB%,AST%,STL%,BLK%,TOV%,USG%,,OWS,DWS,WS,WS/48,,OBPM,DBPM,BPM,VORP
2010-11,20,IND,NBA,SG,61,1265,13.0,.542,.349,.256,3.3,16.3,9.8,8.3,2.5,1.5,13.7,17.8,,0.5,1.9,2.4,.091,,-1.6,1.4,-0.1,0.6
2011-12,21,IND,NBA,SG,66,1958,16.5,.555,.366,.285,3.2,17.9,10.6,13.6,2.9,1.5,14.0,19.3,,2.8,3.2,6.0,.148,,1.4,2.1,3.4,2.7
2012-13,22,IND,NBA,SF,79,2972,16.8,.531,.399,.233,3.4,19.0,11.3,19.6,2.6,1.3,15.2,23.5,,2.7,6.3,9.0,.145,,1.5,2.3,3.8,4.4
2013-14,23,IND,NBA,SF,80,2898,20.1,.555,.367,.341,2.6,17.7,10.5,17.9,2.7,0.6,12.5,28.3,,4.4,6.4,10.8,.178,,2.7,2.1,4.9,5.0
2014-15,24,IND,NBA,SF,6,91,13.0,.492,.449,.224,4.9,21.7,13.4,11.8,2.8,0.9,18.2,32.8,,-0.2,0.2,0.0,-0.008,,-2.3,0.1,-2.2,0.0
2015-16,25,IND,NBA,SF,81,2819,20.9,.557,.391,.364,3.1,18.7,10.9,20.3,2.7,0.8,13.6,30.4,,4.4,4.8,9.2,.157,,3.7,1.2,4.9,4.9
2016-17,26,IND,NBA,SF,75,2689,20.2,.587,.368,.277,2.5,17.9,10.3,16.1,2.2,0.9,12.7,28.9,,3.9,3.1,7.1,.126,,3.0,0.1,3.1,3.4
2017-18,27,OKC,NBA,SF,79,2891,18.7,.570,.454,.307,2.7,14.9,8.6,14.5,2.8,1.2,12.2,25.7,,5.0,3.9,8.9,.147,,2.3,0.6,2.9,3.6
2018-19,28,OKC,NBA,SF,77,2841,23.3,.583,.469,.335,3.7,19.6,11.4,17.7,2.8,1.0,10.0,29.5,,7.0,4.9,11.9,.201,,5.6,1.6,7.2,6.6
2019-20,29,LAC,NBA,SF,48,1419,21.1,.589,.487,.277,1.8,17.7,10.0,21.1,2.3,1.2,12.5,29.6,,2.5,2.3,4.8,.161,,3.8,1.1,4.9,2.5
2020-21,30,LAC,NBA,SF,54,1821,20.5,.598,.437,.239,2.9,18.9,11.1,24.6,1.7,1.2,14.5,30.0,,3.0,2.3,5.3,.139,,3.9,0.3,4.2,2.9
2021-22,31,LAC,NBA,PF,31,1077,18.6,.538,.404,.233,1.2,19.2,10.5,28.1,3.0,1.0,15.2,33.7,,-0.6,1.9,1.3,.057,,1.8,1.9,3.7,1.6
2022-23,32,LAC,NBA,SF,56,1939,19.6,.588,.424,.293,2.6,17.0,9.9,24.2,2.1,0.9,13.4,29.5,,2.3,2.3,4.6,.114,,2.4,0.3,2.8,2.