Season,Age,Tm,Lg,Pos,G,MP,PER,TS%,3PAr,FTr,ORB%,DRB%,TRB%,AST%,STL%,BLK%,TOV%,USG%,,OWS,DWS,WS,WS/48,,OBPM,DBPM,BPM,VORP
2013-14,21,UTA,NBA,C,45,434,12.9,.507,.000,.878,13.1,28.5,20.6,2.4,1.0,7.4,23.8,14.2,,-0.2,0.6,0.4,.045,,-3.6,0.9,-2.7,-0.1
2014-15,22,UTA,NBA,C,82,2158,21.6,.627,.005,.639,14.3,27.2,20.7,8.2,1.6,7.0,16.9,14.0,,5.0,4.3,9.3,.206,,1.7,2.5,4.2,3.4
2015-16,23,UTA,NBA,C,61,1932,17.5,.582,.000,.799,12.6,27.7,20.2,7.4,1.2,5.9,19.2,14.2,,2.6,3.8,6.4,.160,,0.0,2.2,2.2,2.0
2016-17,24,UTA,NBA,C,81,2744,23.3,.681,.002,.762,13.6,29.5,21.8,5.7,0.9,6.4,15.0,16.7,,8.3,6.0,14.3,.250,,2.2,2.2,4.4,4.4
2017-18,25,UTA,NBA,C,56,1816,20.7,.657,.000,.673,10.4,27.0,18.8,6.9,1.2,6.0,15.7,16.9,,4.2,3.9,8.1,.214,,0.9,2.5,3.4,2.5
2018-19,26,UTA,NBA,C,81,2577,24.6,.682,.000,.733,13.2,30.2,21.9,9.6,1.2,5.8,12.1,17.8,,8.7,5.7,14.4,.268,,3.0,2.5,5.4,4.8
2019-20,27,UTA,NBA,C,68,2333,21.7,.699,.000,.724,11.2,31.3,21.6,6.5,1.1,4.8,15.0,16.2,,6.5,4.2,10.7,.221,,1.7,1.9,3.6,3.3
2020-21,28,UTA,NBA,C,71,2187,23.5,.683,.007,.646,12.2,33.5,23.3,6.0,0.9,7.0,13.7,17.0,,6.1,5.2,11.3,.248,,2.1,2.8,4.9,3.8
2021-22,29,UTA,NBA,C,66,2120,24.7,.732,.008,.864,12.9,36.3,25.0,5.1,1.0,5.7,14.5,16.9,,7.3,4.3,11.7,.264,,2.9,1.7,4.6,3.6
2022-23,30,MIN,NBA,C,70,2148,18.9,.675,.005,.623,12.2,29.8,21.2,5.6,1.2,3.9,14.9,16.3,,4.3,3.5,7.8,.174,,0.0,0.7,0.7,1.4